[gd_scene load_steps=6 format=2]

[ext_resource path="res://player/player.tscn" type="PackedScene" id=1]
[ext_resource path="res://flat_enviro_assets/pobrane.jpg" type="Texture" id=2]
[ext_resource path="res://stand_enviro_assets/Apple-Tree-Sprite.png" type="Texture" id=3]

[sub_resource type="PlaneMesh" id=1]


[sub_resource type="SpatialMaterial" id=2]

albedo_color = Color( 0.0196078, 0.513726, 0.0156863, 1 )

[node name="main" type="Node"]

[node name="player_1" parent="." instance=ExtResource( 1 )]
transform = Transform( 1, 0, 0, 0, 1, 0, 0, 0, 1, 0, 0.3, 0 )
player_enabled = true

[node name="Camera" type="Camera" parent="."]
transform = Transform( 1, 0, 0, 0, 0.707107, 0.707107, 0, -0.707107, 0.707107, 0, 3, 3 )
current = true

[node name="Enviroment" type="Node" parent="."]

[node name="Ground" type="MeshInstance" parent="Enviroment"]
transform = Transform( 100, 0, 0, 0, 1, 0, 0, 0, 100, 0, -0.001, 0 )
mesh = SubResource( 1 )
material/0 = SubResource( 2 )
__meta__ = {
"_edit_lock_": true
}

[node name="Road" type="Spatial" parent="Enviroment"]
editor/display_folded = true

[node name="road_1" type="Sprite3D" parent="Enviroment/Road"]
axis = 1
texture = ExtResource( 2 )

[node name="road_2" type="Sprite3D" parent="Enviroment/Road"]
transform = Transform( 1, 0, 0, 0, 1, 0, 0, 0, 1, 2.25, 0, 0 )
axis = 1
texture = ExtResource( 2 )

[node name="road_3" type="Sprite3D" parent="Enviroment/Road"]
transform = Transform( 1, 0, 0, 0, 1, 0, 0, 0, 1, 4.5, 0, 0 )
axis = 1
texture = ExtResource( 2 )

[node name="road_4" type="Sprite3D" parent="Enviroment/Road"]
transform = Transform( 1, 0, 0, 0, 1, 0, 0, 0, 1, 6.75, 0, 0 )
axis = 1
texture = ExtResource( 2 )

[node name="Road2" type="Spatial" parent="Enviroment"]
editor/display_folded = true
transform = Transform( 1, 0, 0, 0, 1, 0, 0, 0, 1, -9, 0, 0 )

[node name="road_1" type="Sprite3D" parent="Enviroment/Road2"]
axis = 1
texture = ExtResource( 2 )

[node name="road_2" type="Sprite3D" parent="Enviroment/Road2"]
transform = Transform( 1, 0, 0, 0, 1, 0, 0, 0, 1, 2.25, 0, 0 )
axis = 1
texture = ExtResource( 2 )

[node name="road_3" type="Sprite3D" parent="Enviroment/Road2"]
transform = Transform( 1, 0, 0, 0, 1, 0, 0, 0, 1, 4.5, 0, 0 )
axis = 1
texture = ExtResource( 2 )

[node name="road_4" type="Sprite3D" parent="Enviroment/Road2"]
transform = Transform( 1, 0, 0, 0, 1, 0, 0, 0, 1, 6.75, 0, 0 )
axis = 1
texture = ExtResource( 2 )

[node name="Road3" type="Spatial" parent="Enviroment"]
editor/display_folded = true
transform = Transform( -4.37114e-008, 0, 1, 0, 1, 0, -1, 0, -4.37114e-008, -3.27, 0, -2.25 )

[node name="road_1" type="Sprite3D" parent="Enviroment/Road3"]
axis = 1
texture = ExtResource( 2 )

[node name="road_2" type="Sprite3D" parent="Enviroment/Road3"]
transform = Transform( 1, 0, 0, 0, 1, 0, 0, 0, 1, 2.25, 0, 0 )
axis = 1
texture = ExtResource( 2 )

[node name="road_3" type="Sprite3D" parent="Enviroment/Road3"]
transform = Transform( 1, 0, 0, 0, 1, 0, 0, 0, 1, 4.5, 0, 0 )
axis = 1
texture = ExtResource( 2 )

[node name="road_4" type="Sprite3D" parent="Enviroment/Road3"]
transform = Transform( 1, 0, 0, 0, 1, 0, 0, 0, 1, 6.75, 0, 0 )
axis = 1
texture = ExtResource( 2 )

[node name="Trees" type="Spatial" parent="Enviroment"]

[node name="tree_1" type="Sprite3D" parent="Enviroment/Trees"]
transform = Transform( 1, 0, 0, 0, 0.707107, 0.707107, 0, -0.707107, 0.707107, 0, 1, -1.28 )
texture = ExtResource( 3 )

[node name="tree_2" type="Sprite3D" parent="Enviroment/Trees"]
transform = Transform( 1, 0, 0, 0, 0.707107, 0.707107, 0, -0.707107, 0.707107, 1.78, 1, -1.7 )
texture = ExtResource( 3 )

[node name="tree_3" type="Sprite3D" parent="Enviroment/Trees"]
transform = Transform( 1, 0, 0, 0, 0.707107, 0.707107, 0, -0.707107, 0.707107, 1.01, 1, -3.11 )
texture = ExtResource( 3 )

[node name="tree_4" type="Sprite3D" parent="Enviroment/Trees"]
transform = Transform( 1, 0, 0, 0, 0.707107, 0.707107, 0, -0.707107, 0.707107, 3.41, 1, -2.65 )
texture = ExtResource( 3 )

